[Header]
Version=1001
Pressure=MPa
Force=ton
Volume=cc
Weight=g
[Part weight]
NCavity=2
CavityWeight-1=6.68721e+00
CavityWeight-2=6.68703e+00
RunnerWeight=6.95113e+00
[Part volume]
NCavity=2
CavityVolume-1=6.55200e+00
CavityVolume-2=6.55200e+00
ColdRunnerVolume=6.78028e+00
HotRunnerVolume=0.00000e+00
CavityXRan=(-7.800000e+00,7.800000e+00)
CavityYRan=(-3.000000e-01,2.700062e-14)
CavityZRan=(-4.900000e+00,4.900000e+00)
[Pressure]
MaxInjectionPressure=4.93748e+01
VPswitchPressure=4.85151e+01
RunnerPressDrop=-1.00000e-05
MaxClampingForce=2.27004e+01
